#DJI flamewheel parameters
inertia : [0.0088565 , 0.000000 , 0.000000 , 0.000000 , 0.008809 , 0.000000 , 0.000000 , 0.000000 , 0.015991]
allocation_matrix: [ -0.5 , -0.5 , -1.0 , 1.0 , 0.5 , 0.5 , -1.0 , 1.0,  0.5 , -0.5 , 1.0 , 1.0,  -0.5 , 0.5 , 1.0 , 1.0]
n_rotors: 4

rotor_force_constant: 1.58e-5
rotor_moment_constant: 0.016000
arm_length: 0.17

roll_gain: 181.909
pitch_gain: 181.909
roll_int_gain: 7.9959999999999996
pitch_int_gain: 3.9979999999999998
p_gain: 129.935
q_gain: 129.935
r_gain: 5.0

max_integrator_error: 0.6
